-99,-124,-98,-130
193,-127,190,-137
-96,-117,-99,-124
-96,-117,-102,-109
-94,-116,-96,-117
-136,-106,-110,-109
-162,-103,-136,-106
191,-116,193,-127
-95,-109,-94,-116
-102,-109,-110,-109
195,-114,194,-102
195,-114,191,-116
-87,-107,-95,-109
-83,-100,-81,-97
-83,-99,-87,-107
194,-102,192,-67
81,-104,81,-139
-82,-97,-83,-99
-82,-97,-81,-93
-81,-93,-82,-91
-82,-91,-88,-89
-88,-89,-83,-82
141,-91,154,-86
-83,-82,-82,-81
162,-86,170,-78
154,-86,162,-86
128,-86,135,-85
128,-86,116,-79
135,-85,141,-91
-64,-78,-82,-81
16,-81,10,-78
23,-79,16,-81
102,-80,81,-80
81,-80,81,-104
81,-80,81,-78
10,-78,9,-102
10,-78,7,-67
116,-79,102,-80
116,-79,122,-69
170,-78,180,-72
81,-78,76,-78
76,-78,49,-78
49,-78,28,-77
28,-77,23,-79
28,-77,35,-68
-59,-71,-64,-78
140,-74,139,-69
231,-65,257,-64
211,-66,326,-57
211,-66,231,-65
192,-67,180,-72
192,-67,205,-60
141,-69,140,-74
141,-69,142,-64
133,-69,136,-67
133,-69,136,-67
129,-69,133,-69
129,-69,133,-69
122,-69,126,-58
35,-68,37,-63
-58,-64,-59,-71
128,-68,129,-69
128,-68,129,-69
136,-67,139,-69
136,-67,139,-69
124,-66,128,-68
7,-64,7,-67
142,-64,153,-59
-58,-59,-58,-64
37,-63,40,-60
205,-60,211,-57
40,-60,44,-47
-64,-54,-58,-59
157,-60,157,-55
211,-57,211,-66
211,-57,227,-45
153,-59,157,-60
141,-57,142,-52
126,-58,124,-66
126,-58,127,-57
3,-56,7,-64
130,-57,141,-57
130,-57,135,-47
127,-57,130,-57
-64,-51,-64,-54
157,-55,172,-44
142,-52,136,-51
4,-50,3,-56
4,-50,-1,-50
-1,-50,-27,-48
-27,-48,-53,-46
-69,-45,-64,-51
-69,-45,-53,-46
136,-51,138,-49
140,-49,142,-34
139,-49,136,-51
138,-49,140,-49
227,-45,229,-41
189,-47,194,-46
44,-47,44,-34
198,-46,203,-47
194,-46,198,-46
194,-46,194,-43
135,-47,139,-49
184,-45,189,-47
-69,-40,-69,-45
179,-44,184,-45
229,-41,230,-40
194,-43,199,-39
172,-44,179,-44
-78,-37,-69,-40
230,-40,233,-37
233,-37,232,-34
199,-39,204,-38
6,-39,4,-50
204,-38,209,-37
209,-37,229,-35
232,-34,229,-35
232,-34,229,-30
229,-30,227,-21
142,-34,152,-26
142,-34,139,-26
44,-34,43,-27
3,-32,6,-39
-80,-27,-78,-37
-80,-21,-80,-27
220,-24,210,-23
43,-27,38,-13
-78,-20,-80,-21
265,-20,283,-13
139,-26,137,-7
210,-23,209,-20
3,-23,3,-32
227,-21,220,-24
227,-21,228,-20
228,-20,240,-16
209,-20,216,-8
-81,-14,-78,-20
254,-16,265,-20
283,-13,293,1
240,-16,254,-16
159,-20,152,-26
-81,-9,-81,-14
-81,-9,-100,-7
-100,-7,-125,-5
-125,-5,-150,-2
-150,-2,-175,2
38,-13,38,-10
110,-14,104,-9
216,-8,225,-5
38,-10,40,-8
104,-9,106,0
225,-5,227,-4
297,1,295,5
293,1,297,1
40,-8,40,1
9,-6,3,-23
-81,0,-81,-9
227,-4,252,5
137,-7,133,1
295,5,298,9
273,3,281,5
281,5,277,7
277,7,287,17
120,-1,110,-14
252,5,255,6
298,9,292,13
264,7,273,3
255,6,262,8
159,1,159,-20
133,1,128,3
124,0,120,-1
109,0,112,5
106,0,109,0
40,1,39,4
9,2,9,-6
9,2,10,6
-85,9,-81,0
262,8,264,7
127,3,124,0
128,3,127,3
39,4,40,5
291,13,305,28
158,5,159,1
292,13,305,26
40,5,44,13
10,6,14,9
112,5,114,10
14,9,13,13
-93,17,-85,9
287,17,303,24
114,10,118,12
13,13,16,22
161,12,158,5
118,12,119,30
-96,21,-93,17
44,13,46,21
-98,23,-96,21
199,20,186,25
4,21,2,21
2,21,2,26
201,22,199,20
16,22,23,37
46,21,45,26
178,23,179,30
169,22,161,12
9,25,4,21
186,25,185,28
2,26,8,32
208,28,204,31
201,27,201,22
169,26,169,22
45,26,49,27
63,26,67,36
59,26,65,35
49,27,49,33
198,29,201,27
185,28,182,28
182,28,178,23
173,28,176,33
-114,38,-98,23
204,31,202,34
179,30,176,30
198,31,198,29
176,30,173,28
12,31,9,25
200,33,198,31
119,30,115,35
8,32,8,35
202,34,200,33
176,33,174,33
16,33,12,31
174,33,171,37
52,32,53,35
56,33,58,36
49,33,52,32
8,35,12,37
53,35,56,33
65,35,63,26
201,38,208,28
164,36,169,26
164,36,158,46
115,35,115,42
67,36,67,45
61,36,59,26
58,36,63,44
18,37,16,33
18,37,26,48
-112,47,-114,38
200,39,201,38
120,38,116,45
13,41,12,37
13,41,10,44
168,42,171,37
115,42,120,38
10,44,12,51
63,44,61,36
28,45,23,37
169,46,168,42
158,46,169,46
116,45,105,53
67,45,73,49
-111,57,-112,47
28,48,28,45
26,48,28,48
8,50,10,62
73,49,77,49
12,51,8,50
80,50,77,49
-108,61,-111,57
77,51,80,50
77,51,74,53
155,52,150,56
105,53,101,53
101,53,98,53
98,53,96,57
74,53,73,56
282,63,275,74
-110,67,-108,61
-112,67,-110,67
73,56,77,58
38,57,35,60
96,57,91,59
91,59,84,63
35,60,40,66
26,60,13,41
160,61,155,52
29,61,29,69
10,62,4,66
-111,72,-112,67
79,61,77,58
77,62,79,61
44,63,38,57
84,63,77,62
274,71,255,83
4,66,0,66
0,66,1,70
126,65,150,56
34,65,29,61
85,65,77,70
40,66,34,65
275,74,274,71
180,69,200,39
56,68,53,69
1,70,-6,73
174,69,180,69
29,69,26,60
126,69,129,70
53,69,47,70
148,69,150,70
101,69,89,70
101,69,106,70
47,70,44,63
150,70,152,71
158,71,174,69
152,71,160,61
129,70,148,69
114,70,126,69
106,70,126,65
106,70,109,74
85,70,85,65
85,70,86,72
77,70,66,74
62,71,66,74
62,71,56,68
-102,81,-111,72
-14,74,-6,73
101,72,106,70
86,72,89,70
103,73,101,75
-99,83,-102,81
159,75,158,71
150,74,159,75
112,74,114,70
109,74,112,74
-19,77,-43,87
-19,77,-14,74
100,74,101,72
255,83,246,83
98,76,100,74
142,78,150,74
126,77,142,78
93,77,98,76
107,79,103,73
97,79,93,77
101,81,107,79
99,81,101,75
99,81,101,81
101,81,126,77
100,81,101,81
229,86,246,83
-43,87,-47,88
-47,88,-48,93
98,84,100,81
38,86,50,95
87,85,93,88
82,86,86,88
33,87,35,89
89,87,93,88
21,89,29,90
93,88,97,79
93,88,97,89
86,88,87,85
77,88,82,86
35,89,38,86
-48,93,-53,97
99,88,98,84
75,89,77,88
29,90,33,87
97,89,99,88
87,89,89,87
-53,97,-59,100
-53,97,-42,99
-65,98,-59,108
20,93,21,89
-59,100,-65,98
-97,103,-99,83
221,98,229,86
-42,99,-37,104
-90,103,-93,106
66,95,71,98
54,95,56,96
50,95,54,95
92,95,87,89
88,95,91,98
56,96,66,95
-6,99,2,106
-93,106,-97,103
-93,106,-89,109
78,97,75,89
71,98,78,98
91,98,92,95
79,98,78,97
78,98,79,98
-37,104,-27,105
-89,109,-81,114
88,100,88,95
92,101,88,100
-27,105,-21,109
92,102,92,101
87,102,92,102
11,104,20,93
-59,108,-61,110
1,104,6,105
-65,109,-90,103
6,105,11,104
2,106,1,104
-61,110,-65,109
-5,107,-6,99
213,108,221,98
82,105,87,102
-3,108,-5,107
-18,109,-15,114
-21,109,-18,109
-81,114,-64,130
210,112,213,108
-15,114,-4,122
1,115,-3,108
210,119,210,112
87,116,82,105
7,118,1,115
8,119,7,118
14,121,7,121
7,121,8,119
-4,122,7,125
206,124,210,119
14,123,14,121
7,125,14,123
-64,130,-39,140
207,128,206,124
78,127,87,116
56,131,58,133
61,131,56,131
65,132,61,131
58,133,65,132
-20,139,-16,139
-39,140,-29,144
-16,139,-8,143
69,137,72,138
59,138,69,137
-21,141,-20,139
72,138,78,139
81,138,78,127
78,139,81,138
78,139,81,138
206,143,207,128
57,140,59,138
-15,143,-21,141
-15,143,-2,150
-29,144,-23,149
-36,145,-33,146
-39,146,-36,145
-33,146,-29,144
-5,145,-8,143
55,144,57,140
-75,152,-66,152
-56,151,-42,150
52,145,55,144
-42,150,-39,146
-66,152,-61,156
-23,149,-19,160
-2,150,-5,145
-61,156,-58,157
-91,158,-90,164
-12,154,-8,155
-58,157,-56,151
-84,159,-75,152
-8,155,-1,172
-84,163,-84,159
-90,164,-84,163
-4,157,9,168
-95,166,-91,158
-19,160,-14,162
-100,167,-95,166
-4,160,-4,157
-14,162,-8,164
-124,172,-116,173
-97,170,-100,167
-116,173,-111,176
-8,164,-12,154
-124,175,-124,172
-128,177,-124,175
-105,175,-97,170
-111,176,-105,175
9,168,32,169
2,169,-4,160
46,167,52,145
32,169,46,167
-142,184,-128,177
